10094.36765089631
10587.82031070441
10607.843735814095
10606.163879483938
10599.797634966671
10584.11255441606
10558.27898401767
10536.959706433117
10515.582635626197
10494.491962343454
10476.067483052611
10452.528945729136
10431.898049637675
10411.561256833375
10390.295919589698
10369.984812662005
10350.02431795001
10330.230781435966
10309.734736196697
10292.95672159642
10269.758522138
10250.474850274622
10231.102562136948
10211.312878504395
10195.112796127796
10174.26870726049
10154.16565593332
10136.385892145336
10118.860418535769
10101.494197361171
10085.925987549126
10069.50757522136
10053.134113177657
10037.049617245793
10018.959054350853
10002.837313897908
9985.46980842948
9968.178076297045
9952.749854512513
9933.224735409021
9916.1744505167
9899.008579179645
9881.52291867882
9864.549691416323
9846.650488302112
9829.37159910798
9812.267373874784
9794.998759031296
9777.993424423039
9760.152014531195
9742.880831100047
9726.46241877228
9708.813652954996
9692.541650123894
9675.646764785051
9682.83238876611
9698.667731694877
9720.047371089458
9738.763385079801
9757.95587208122
9777.872700802982
9795.899049006402
9816.017511859536
9834.54345036298
9853.170848079026
9872.47635293752
9894.044783525169
9913.149938546121
9928.128657490015
9946.271876432002
9963.807624392211
9983.837470971048
10002.297910489142
10020.262612588704
10038.640857301652
10056.383376568556
10073.080480657518
10089.139290712774
